45.0 50.0 38.3 31.0
52.8 57.0 45.5 38.0
54.6 58.5 47.6 39.7
58.2 61.5 52.1 43.4
63.9 66.0 59.7 49.7
64.9 66.8 61.1 50.9
69.0 70.0 65.8 56.1
72.1 72.1 70.0 61.2
75.0 75.0 72.9 66.5
77.2 77.2 75.2 70.2
79.7 79.7 77.7 74.2
81.5 81.5 79.7 77.0
83.1 83.1 81.4 79.2
84.7 84.7 93.1 81.4
86.0 86.0 84.7 83.1
87.6 87.6 86.4 85.0
88.7 88.7 87.7 86.2
89.3 89.3 88.6 86.9
89.9 89.9 89.2 87.4
90.7 90.7 90.2 88.3
91.2 91.2 90.8 88.8
91.7 91.7 91.4 89.2
92.1 92.1 91.9 89.7
92.7 92.7 92.6 90.3
93.0 93.0 92.9 90.7
93.3 93.3 93.3 91.1
93.5 93.5 93.5 91.5
93.8 93.8 93.8 91.9
94.0 94.0 94.0 92.5
94.0 94.0 94.0 92.5
94.0 94.0 94.0 92.5
94.0 94.0 94.0 92.5
94.0 94.0 94.0 92.5
94.0 94.0 94.0 92.5
94.0 94.0 94.0 92.5
94.0 94.0 94.0 92.5
94.0 94.0 94.0 92.5
94.0 94.0 94.0 92.5
94.0 94.0 94.0 92.5
94.0 94.0 94.0 92.5
94.0 94.0 94.0 92.5