53.6 59.1 50.6 39.8 
60.4 64.7 56.6 45.9 
61.9 65.9 58.2 47.4 
64.8 68.5 61.6 50.6 
69.5 72.7 67.6 56.1 
70.4 73.5 68.8 57.2 
74.1 77.1 73.1 61.7 
77.4 79.6 75.9 66.2 
79.6 81.4 78.1 70.8 
81.3 82.8 79.8 74.1 
83.2 84.3 81.8 77.6 
84.6 85.5 83.3 80.0 
85.8 86.6 84.6 81.9 
87.0 87.7 86.0 83.8 
88.1 88.7 87.2 85.3 
89.4 89.8 88.7 86.9 
90.3 90.6 89.7 88.0 
90.9 91.2 90.4 88.6 
91.3 91.6 90.9 89.1 
92.0 92.3 91.7 89.8 
92.5 92.7 92.2 90.3 
92.9 93.1 92.7 90.7 
93.2 93.5 93.1 91.0 
93.8 94.0 93.7 91.6 
94.1 94.2 94.0 91.9 
94.3 94.5 94.3 92.3 
94.6 94.7 94.6 92.6 
94.8 94.9 94.8 93.0 
95.0 95.1 95.0 93.5 
95.0 95.1 95.0 93.5 
95.0 95.1 95.0 93.5 
95.0 95.1 95.0 93.5 
95.0 95.1 95.0 93.5 
95.0 95.1 95.0 93.5 
95.0 95.1 95.0 93.5 
95.0 95.1 95.0 93.5 
95.0 95.1 95.0 93.5 
95.0 95.1 95.0 93.5 
95.0 95.1 95.0 93.5 
95.0 95.1 95.0 93.5 
95.0 95.1 95.0 93.5 