60.8 64.8 57.7 50.7 
65.9 69.9 63.9 58.7 
67.2 71.1 65.4 60.6 
69.7 73.5 68.6 64.1 
73.8 77.3 73.5 69.3 
74.6 78.0 74.4 70.1 
77.8 80.8 77.2 73.0 
80.7 82.5 78.9 75.0 
82.7 84.1 81.0 77.7 
84.2 85.3 82.5 79.7 
85.9 86.7 84.3 81.9 
87.1 87.7 85.6 83.5 
88.1 88.6 86.8 84.8 
89.2 89.6 88.0 86.2 
90.1 90.4 89.1 87.3 
91.2 91.4 90.3 88.6 
91.9 92.1 91.2 89.6 
82.4 92.6 91.7 90.1 
92.7 93.0 92.2 90.6 
93.3 93.6 92.9 91.3 
93.7 93.9 93.3 91.8 
94.0 94.2 93.7 92.2 
94.3 94.6 94.1 92.5 
94.7 95.0 94.6 93.1 
95.0 95.2 94.9 93.4 
95.2 95.4 95.1 93.7 
95.4 95.6 95.4 94.0 
95.6 95.8 95.6 94.3 
95.8 96.0 95.8 94.6 
95.8 96.0 95.8 94.6 
95.8 96.0 95.8 94.6 
95.8 96.0 95.8 94.6 
95.8 96.0 95.8 94.6 
95.8 96.0 95.8 94.6 
95.8 96.0 95.8 94.6 
95.8 96.0 95.8 94.6 
95.8 96.0 95.8 94.6 
95.8 96.0 95.8 94.6 
95.8 96.0 95.8 94.6 
95.8 96.0 95.8 94.6 
95.8 96.0 95.8 94.6 