66.5 69.8 64.9 62.3 
70.8 74.7 70.1 67.2 
71.9 75.8 71.4 68.4 
74.3 77.9 74.1 70.8 
78.1 81.1 78.0 74.3 
78.9 81.7 78.7 74.9 
81.5 83.9 80.9 77.0 
83.5 85.7 82.7 78.4 
85.2 87.2 84.5 80.8 
86.5 88.2 85.9 82.6 
88.0 89.5 87.4 84.5 
89.1 90.4 88.6 85.9 
90.0 91.1 89.5 87.1
90.9 91.9 90.5 88.3 
91.7 92.6 91.3 89.3 
92.6 93.3 92.3 90.4 
93.3 93.9 92.9 91.2 
93.7 94.2 93.4 91.7 
94.0 94.5 93.7 92.1 
94.5 94.9 94.2 92.7 
94.8 95.2 94.5 93.1 
95.0 95.4 94.8 93.4 
95.3 95.7 95.1 93.7 
95.6 96.0 95.4 94.2 
95.8 96.1 95.6 94.4 
96.0 96.3 95.8 94.7 
96.2 96.4 96.0 94.9 
96.3 96.6 96.2 95.1 
96.5 96.7 96.3 95.4 
96.5 96.7 96.5 95.4 
96.5 96.7 96.6 95.4 
96.5 96.7 96.6 95.4 
96.5 96.7 96.6 95.4 
96.5 96.7 96.6 95.4 
96.5 96.7 96.6 95.4 
96.5 96.7 96.6 95.4 
96.5 96.7 96.6 95.4 
96.5 96.7 96.6 95.4 
96.5 96.7 96.6 95.4 
96.5 96.7 96.6 95.4 
96.5 96.7 96.6 95.4 